79293
79341
79342
79344
79345
79370
79373
79395
79396
79397
79399
79409
79415
79427
79428
79435
79438
79440
79441
79442
79488
79489
79490
79495
79498
79499
79507
79516
79526
79565
79601
79614
79617
79697
79705
79706
79712
79728
79729
79731
79827
79856
79866
79867
79871
79873
79882
79897
79899
79904
79906
79917
79918
79919
79920
79935
79982
79984
79991
80016
80127
80128
80129
80134
80135
80150
80152
80177
80179
80182
80184
80203
80207
80209
80211
80225
80226
80245
80254
80256
80266
80267
80268
80277
80278
80280
80290
80311
80312
80313
80316
80317
80321
80352
80359
80364
80368
80369
80370
80382
80389
80390
80395
80396
80408
80409
80412
80413
80418
80419
80420
80435
80436
80443
80456
80457
80458
80469
80472
80475
80476
80483
80484
80488
80490
80491
80492
80493
80494
80495
80502
80510
80511
80515
80517
80518
80521
80522
80536
80537
80541
80542
80544
80545
80549
80564
80569
80572
80577
80578
80619
80627
80637
80638
80650
80651
80653
80660
80661
80677
80679
80704
80709
80713
80721
80725
80726
80728
80731
80751
80790
80795
80800
80805
80821
80825
80826
80835
80840
80863
80866
80879
80893
80904
80905
80906
80911
80912
80913
80914
80915
80928
80965
80969
80983
81019
81023
81024
81025
81028
81048
81054
81055
81076
81077
81089
81098
81121
81122
81129
81130
81131
81163
81172
81179
81191
81192
81209
81250
81251
81252
81253
81268
81272
81284
81285
81292
81306
81307
81311
81322
81323
81334
81335
81336
81345
81348
81351
81360
81361
81362
81390
81410
81411
81417
81424
81431
81442
81446
81448
81473
81475
81476
81483
81493
81508
81514
81515
81530
81537
81538
81547
81576
81577
81580
81601
81602
81603
81612
81626
81630
81635
81637
81656
81664
