79271
79340
79343
79408
79433
79475
79477
79478
79479
79480
79481
79493
79510
79511
79513
79514
79528
79529
79530
79564
79567
79568
79570
79571
79572
79593
79594
79595
79596
79597
79599
79600
79627
79653
79656
79658
79659
79707
79708
79709
79711
79727
79732
79733
79736
79737
79738
79822
79823
79824
79825
79828
79829
79852
79853
79854
79855
79857
79858
79859
79877
79880
79900
79901
79902
79903
79907
79908
79910
79938
79939
79940
79941
79943
79985
79990
79992
80009
80010
80011
80014
80015
80136
80151
80156
80157
80158
80159
80160
80161
80180
80181
80183
80204
80208
80210
80212
80227
80228
80232
80233
80234
80248
80249
80255
80258
80269
80270
80271
80272
80273
80289
80291
80292
80293
80294
80295
80296
80314
80315
80318
80319
80320
80342
80343
80345
80354
80361
80365
80385
80386
80387
80388
80411
80414
80417
80442
80444
80450
80454
80455
80471
80473
80486
80489
80503
80512
80513
80514
80516
80546
80547
80570
80571
80573
80574
80594
80596
80628
80631
80632
80633
80634
80635
80636
80654
80656
80657
80658
80659
80671
80673
80678
80680
80681
80682
80706
80707
80710
80711
80723
80724
80727
80734
80735
80752
80770
80771
80772
80773
80775
80796
80797
80798
80799
80806
80813
80822
80824
80836
80837
80838
80881
80903
80910
80968
80970
80973
80991
80992
80993
80994
80997
81020
81021
81022
81026
81027
81049
81051
81052
81079
81080
81082
81099
81100
81103
81104
81123
81124
81125
81126
81127
81164
81165
81166
81167
81168
81169
81180
81195
81210
81211
81212
81213
81214
81244
81245
81246
81248
81249
81269
81270
81271
81274
81286
81287
81288
81289
81290
81308
81309
81315
81343
81344
81346
81349
81350
81373
81397
81413
81414
81415
81416
81425
81426
81427
81428
81429
81430
81443
81444
81445
81447
81462
81463
81478
81480
81481
81482
81485
81494
81495
81496
81499
81516
81517
81519
81520
81521
81522
81539
81540
81542
81545
81546
81563
81564
81565
81566
81581
81583
81584
81585
81605
81608
81609
81610
81627
81628
81629
81632
81633
81634
81657
81663
81667
